S 0 E   1   1   1   1 
  -   1   1   0   1 0 
  0 - - - - - - F 0   
0   0   0   1 1   1   
1   0   1   1   1   1 
  1   0 0   0   1   0 
  1   0   0   0   0   
0 C   0   1   0   1   
1   0   1   1   1 0   
0   0   0   1   C   0 
  0   0   0 0   1   1 
  1   1   0   0   1   
0   C 0   1   0   0   
0   0   0   0   1   1 
0   1   1   1   1   1 
  1   0   0   1 C   0 
  0   0   0   0   0   
0   0   1 
S 0 E   1   1   1   1 
  -   1   1   0   1 0 
  0 - - - - - - F 0   
0   0   0   1 1   1   
1   0   1   1   1   1 
  1   0 0   0   1   0 
  1   0   0   0   0   
0 C   0   1   0   1   
1   0   1   1   1 0   
0   0   0   1   C   0 
  0   0   0 0   1   1 
  1   1   0   0   1   
0   C 0   1   0   0   
0   0   0   0   1   1 
0   1   1   1   1   1 
  1   0   0   1 C   0 
  0   0   0   0   0   
0   0   1 
S 0 E   1   1   1   1 
  -   1   1   0   1 0 
  0 - - - - - - F 0   
0   0   0   1 1   1   
1   0   1   1   1   1 
  1   0 0   0   1   0 
  1   0   0   0   0   
0 C   0   1   0   1   
1   0   1   1   1 0   
0   0   0   1   C   0 
  0   0   0 0   1   1 
  1   1   0   0   1   
0   C 0   1   0   0   
0   0   0   0   1   1 
0   1   1   1   1   1 
  1   0   0   1 C   0 
  0   0   0   0   0   
0   0   1 
S 1 1 1 1 1 1 1 0 1 
0 - 0 0 C 0 0 0 0 1 
1 1 - - - - - - F 0 
0 0 1 0 1 0 0 0 0 0 
C 0 1 0 1 1 0 1 1 1 
0 0 0 0 1 C 0 0 0 0 
0 1 1 1 1 0 0 1 0 C 
0 1 0 0 0 0 0 0 1 1 
0 1 1 1 1 1 1 0 0 1 
C 0 0 0 0 0 0 0 0 1 
S 1 1 1 1 1 1 1 0 1 
0 - 0 0 C 0 0 0 0 1 
1 1 - - - - - - F 0 
0 0 1 0 1 0 0 0 0 0 
C 0 1 0 1 1 0 1 1 1 
0 0 0 0 1 C 0 0 0 0 
0 1 1 1 1 0 0 1 0 C 
0 1 0 0 0 0 0 0 1 1 
0 1 1 1 1 1 1 0 0 1 
C 0 0 0 0 0 0 0 0 1 
S 1 1 1 1 1 1 1 0 1 
0 - 0 0 C 0 0 0 0 1 
1 1 - - - - - - F 0 
0 0 1 0 1 0 0 0 0 0 
C 0 1 0 1 1 0 1 1 1 
0 0 0 0 1 C 0 0 0 0 
0 1 1 1 1 0 0 1 0 C 
0 1 0 0 0 0 0 0 1 1 
0 1 1 1 1 1 1 0 0 1 
C 0 0 0 0 0 0 0 0 1 
S 1 1 1 1 1 1 1 0 1 
0 - 0 0 C 0 0 0 0 1 
1 1 - - - - - - F 0 
0 0 1 0 1 0 0 0 0 0 
C 0 1 0 1 1 0 1 1 1 
0 0 0 0 1 C 0 0 0 0 
0 1 1 1 1 0 0 1 0 C 
0 1 0 0 0 0 0 0 1 1 
0 1 1 1 1 1 1 0 0 1 
C 0 0 0 0 0 0 0 0 1 
S 1 1 1 1 1 1 1 0 1 
0 - 0 0 C 0 0 0 0 1 
1 1 - - - - - - F 0 
0 0 1 0 1 0 0 0 0 0 
C 0 1 0 1 1 0 1 1 1 
0 0 0 0 1 C 0 0 0 0 
0 1 1 1 1 0 0 1 0 C 
0 1 0 0 0 0 0 0 1 1 
0 1 1 1 1 1 1 0 0 1 
C 0 0 0 0 0 0 0 0 1 
S 1 1 1 1 1 1 1 0 1 
0 - 0 0 C 0 0 0 0 1 
1 1 - - - - - - F 0 
0 0 1 0 1 0 0 0 0 0 
C 0 1 0 1 1 0 1 1 1 
0 0 0 0 1 C 0 0 0 0 
0 1 1 1 1 0 0 1 0 C 
0 1 0 0 0 0 0 0 1 1 
0 1 1 1 1 1 1 0 0 1 
C 0 0 0 0 0 0 0 0 1 
S 1 1 1 1 1 1 1 0 1 
0 - 0 0 C 0 0 0 0 1 
1 1 - - - - - - F 0 
0 0 1 0 1 0 0 0 0 0 
C 0 1 0 1 1 0 1 1 1 
0 0 0 0 1 C 0 0 0 0 
0 1 1 1 1 0 0 1 0 C 
0 1 0 0 0 0 0 0 1 1 
0 1 1 1 1 1 1 0 0 1 
C 0 0 0 0 0 0 0 0 1 
S 1 1 1 1 1 1 1 0 1 
0 - 0 0 C 0 0 0 0 1 
1 1 - - - - - - F 0 
0 0 1 0 1 0 0 0 0 0 
C 0 1 0 1 1 0 1 1 1 
0 0 0 0 1 C 0 0 0 0 
0 1 1 1 1 0 0 1 0 C 
0 1 0 0 0 0 0 0 1 1 
0 1 1 1 1 1 1 0 0 1 
C 0 0 0 0 0 0 0 0 1 
S 1 1 1 1 1 1 1 0 1 
0 - 0 0 C 0 0 0 0 1 
1 1 - - - - - - F 0 
0 0 1 0 1 0 0 0 0 0 
C 0 1 0 1 1 0 1 1 1 
0 0 0 0 1 C 0 0 0 0 
0 1 1 1 1 0 0 1 0 C 
0 1 0 0 0 0 0 0 1 1 
0 1 1 1 1 1 1 0 0 1 
C 0 0 0 0 0 0 0 0 1 
S 1 1 1 1 1 1 1 0 1 
0 - 0 0 C 0 0 0 0 1 
1 1 - - - - - - F 0 
0 0 1 0 1 0 0 0 0 0 
C 0 1 0 1 1 0 1 1 1 
0 0 0 0 1 C 0 0 0 0 
0 1 1 1 1 0 0 1 0 C 
0 1 0 0 0 0 0 0 1 1 
0 1 1 1 1 1 1 0 0 1 
C 0 0 0 0 0 0 0 0 1 
S 1 1 1 1 1 1 1 0 1 
0 - - - F 0 0 0 0 1 
1 1 1 0 1 1 1 1 1 0 
0 0 1 0 1 0 0 0 0 0 
C 0 1 0 1 1 0 1 1 1 
0 0 0 0 1 C 0 0 0 0 
0 1 1 1 1 0 0 1 0 C 
0 1 0 0 0 0 0 0 1 1 
0 1 1 1 1 1 1 0 0 1 
C 0 0 0 0 0 0 0 0 1 
